poses:
  Sleep:
    waist: 0.019941750913858414
    shoulder: -2.0141167640686035
    elbow: 1.6060779094696045
    wrist_angle: 0.977145791053772
    wrist_rotate: -0.006135923322290182
  Home:
    waist: -0.02147573232650757
    shoulder: -1.9880391359329224
    elbow: 1.6551653146743774
    wrist_angle: 0.7623884677886963
    wrist_rotate: -0.14112623035907745